id	species	dom_status	organ	replicate	dry_mass	humid_mass	in	ic	icn	ca	mg	mn	p	tannins	notes
1	ave	w	leaf	1	0.1751	0.9587	1.5943	39.671	24.8830	1.695857596	1.945576026	0.004043367	7.168637821	7.80026884	
2	ave	w	leaf	2	0.1254	0.6311	1.7323	39.486	22.7940	1.35923449	2.187572181	0.005952446	9.920764095	6.478547196	
3	ave	w	leaf	3	0.176	1.0462	1.7037	39.193	23.0046	1.907844951	2.189442482	0.006744508	7.30041769	8.213952557	
4	ave	w	root	1	0.2145	1.0325	1.4828	41.289	27.8453	0.301884505	3.263543498	0.156545058	4.412736626	-0.781472456	
5	ave	w	root	2	0.3053	1.3625	2.0455	41.521	20.2987	0.455252425	2.093227461	0.123099956	3.533035928	-0.379164654	
6	ave	w	root	3	0.4937	1.9479	2.0858	40.091	19.2209	0.742593093	1.916056184	0.205465178	1.752350478	-0.936220167	
7	ave	c	leaf	1	0.0496	0.2037	1.4442	37.055	25.6578	2.797904956	2.146698856	0.008390773	13.20264663	1.928551789	
8	ave	c	leaf	2	0.0511	0.1876	1.6593	37.15	22.3890	2.622253616	1.99704952	0.000962721	15.538192	5.265050311	
9	ave	c	leaf	3	0.0549	0.2512	1.8359	38.04	20.7201	2.937842125	1.992264946	0.014213307	11.39510899	4.247915159	
10	ave	c	root	1	0.3403	1.0965	1.486	38.015	25.5821	0.199642741	2.827781914	0.374292782	5.430499307	-1.005074906	
11	ave	c	root	2	0.2544	0.9398	1.7467	39.4095	22.5623	2.853258122	2.244572385	0.065523328	7.14808104	14.65090362	
12	ave	c	root	3	NA	NA	NA	NA	NA	NA	NA	NA	NA	NA	
13	tri	w	leaf	1	0.0563	0.2097	1.4954	38.148	25.5102	1.168124501	1.37320201	-0.009516245	1.829137931	0.920572131	
14	tri	w	leaf	2	0.0827	0.3324	1.4711	39.601	26.9193	0.987438806	1.412775133	-0.006871371	1.930902098	0.084847681	
15	tri	w	leaf	3	0.0583	0.2407	1.3963	38.63	27.6660	1.250613366	1.44414942	-0.004657934	1.684027062	0.262673844	
16	tri	w	root	1	0.0239	0.0838	1.9046	43.502	22.8405	0.864668979	0.750638369	0.04165899	0.949235294	0.258929686	
17	tri	w	root	2	0.0517	0.2336	1.7707	43.773	24.7207	0.304138335	0.558600021	0.210424861	1.172828526	0.250720286	
18	tri	w	root	3	0.0265	0.1417	1.9418	43.588	22.4472	0.489146937	0.631649877	0.098549768	1.092903226	0.083960362	
19	tri	c	leaf	1	0.0445	0.2065	0.67073	34.641	51.6467	6.219758194	2.313191096	0.005823133	1.560454545	0.523583828	
20	tri	c	leaf	2	0.0384	0.197	0.85706	33.876	39.5258	4.628846921	2.620398434	0.008662997	1.330127175	0.763207273	
21	tri	c	leaf	3	0.0285	0.1279	0.77934	31.151	39.9710	4.862804878	2.147977081	0.000266995	1.718079385	1.590192901	
22	tri	c	root	1	0.05	0.2389	1.3007	36.822	28.3094	0.04871651	1.338619918	0.399675961	1.509622771	-1.038407787	
23	tri	c	root	2	0.0351	0.1625	1.7153	38.457	22.4200	0.280677014	1.432466891	0.474003923	4.803632873	-0.877889643	
24	tri	c	root	3	0.0324	0.1466	1.4166	38.956	27.4996	0.234937032	1.81937356	0.505333924	1.741613111	-0.097247962	
25	sor	w	leaf	1	0.088	0.3465	0.69129	36.074	52.1836	8.149745666	1.269410176	0.021427481	0.562569659	1.27042404	
26	sor	w	leaf	2	0.0867	0.3108	0.54211	37.661	69.4711	6.011050205	1.104234104	0.023462122	0.491125512	2.768560366	
27	sor	w	leaf	3	0.0944	0.3269	0.625995	36.9295	58.9933	5.078911439	0.837659054	0.012975339	0.382150997	16.29420531	
28	sor	w	root	1	0.0264	0.1616	1.216	37.955	31.2130	0.662705951	1.010109433	0.110292039	0.712191601	-0.869071313	
29	sor	w	root	2	0.0196	0.0725	1.1922	39.311	32.9735	2.206239417	1.37140579	0.054536993	0.61017638	0.257523567	
30	sor	w	root	3	0.0184	0.1009	1.07	43.939	41.0645	1.613436507	0.710563558	0.034674022	0.331642743	6.197776071	
31	sor	c	leaf	1	0.086	0.326	0.47644	35.819	75.1805	12.00247358	1.56008149	0.019823686	0.313713376	6.457319567	
32	sor	c	leaf	2	0.0745	0.2689	0.52221	36.669	70.2189	16.27649362	3.283728229	0.017609507	0.213606771	7.979886132	99_y_64_extras
33	sor	c	leaf	3	0.0617	0.2439	0.65203	35.517	54.4714	11.15801775	2.602772062	0.03077842	0.22862963	7.182092603	otra_parte_de_la_misma_hoja_mas_cercana_al_nervio_medio_181
34	sor	c	root	1	0.0202	0.1292	1.1134	35.642	32.0119	0.341965924	1.782206789	0.120255811	0.468634146	-0.860920476	
35	sor	c	root	2	0.0452	0.3438	1.0907	42.404	38.8778	0.554667506	1.205858931	0.049646938	0.541533923	0.64095812	
36	sor	c	root	4	0.0611	0.2961	1.126	35.684	31.6909	0.29934751	1.036870496	0.144816163	0.444859467	0.913968002	
37	zea	w	leaf	1	0.0931	0.3208	0.51604	36.875	71.4576	5.71183179	2.212802932	0.01190038	0.89066358	3.204093829	
38	zea	w	leaf	2	0.0706	0.2123	0.53069	36.437	68.6597	5.57100773	0.746350393	-0.005771911	0.175912577	1.213309785	
39	zea	w	leaf	3	0.0593	0.2485	0.44296	38.959	87.9515	5.170494536	2.63819972	0.003308003	0.10877025	1.811545306	
40	zea	w	root	1	0.0505	0.2705	1.0362	41.63	40.1756	0.148092746	1.16260419	0.113483909	0.5312749	-1.203268665	
41	zea	w	root	2	0.0977	0.6293	1.19	42.56	35.7647	0.50574311	1.438046057	0.134260108	1.149031165	0.080338127	
42	zea	w	root	3	0.0666	0.4077	1.6914	40.6835	24.0532	0.20591445	1.054130329	0.095942162	1.281408189	-0.995798946	
43	zea	c	leaf	1	0.1061	0.3327	0.88341	37.861	42.8578	0.237482165	1.041401675	0.089057038	1.322215278	-1.244931433	
44	zea	c	leaf	2	0.1266	0.4245	0.73954	38.547	52.1229	2.507235614	1.107299296	0.020897512	1.313009138	1.263059263	
45	zea	c	leaf	3	0.105	0.3199	0.81156	36.439	44.8999	2.81854882	0.984803644	0.026005929	1.397699869	1.188262537	
46	zea	c	root	1	0.0816	0.5756	1.3441	42.546	31.6539	NA	NA	NA	NA	NA	
47	zea	c	root	2	0.0395	0.33	1.1638	44.662	38.3760	0.66689682	0.911107301	0.074975515	0.98186	0.418993687	ID=D
48	zea	c	root	3	0.0803	0.4716	1.1794	40.598	34.4226	0.138108862	1.153893578	0.086454694	1.195160256	6.380491791	ID=C
49	hel	w	leaf	1	0.1327	0.4508	1.1745	32.893	28.0060	47.95441434	7.171113493	0.077954104	1.383831341	5.282718371	
50	hel	w	leaf	2	NA	NA	NA	NA	NA	NA	NA	NA	NA	NA	
51	hel	w	leaf	3	NA	NA	NA	NA	NA	NA	NA	NA	NA	NA	
52	hel	w	root	1	0.0359	0.2762	1.8544	41.993	22.6451	2.400811258	4.062320027	0.104450946	1.584250335	-0.171562871	
53	hel	w	root	2	0.0227	0.1501	2.1015	40.72	19.3766	2.541399311	3.421819444	0.132420491	6.238807947	0.853151241	
54	hel	w	root	3	0.0205	0.1171	2.4079	39.083	16.2312	1.867127238	3.626453913	0.118887733	5.112973146	1.564161704	
55	hel	c	leaf	1	0.1828	0.7946	0.77819	32.71	42.0334	50.53536205	2.971217397	0.098635205	1.458452055	1.755133617	habia_de_261_y_360_tb
56	hel	c	leaf	2	0.1022	0.4708	0.93067	32.028	34.4139	46.80812362	3.794474523	0.101730003	1.558159548	1.454966622	
57	hel	c	leaf	3	0.1868	0.7619	0.92304	31.748	34.3950	45.35037935	3.050306077	0.076583312	1.578025806	1.332495445	están_sobre_el_escritorio
58	hel	c	root	1	NA	NA	NA	NA	NA	NA	NA	NA	NA	NA	
59	hel	c	root	2	0.0194	0.1175	1.6	41.005	25.6281	2.537262614	3.9659105	0.121497959	1.905842857	0.752122087	
60	hel	c	root	5	0.0453	0.2127	3.13455	43.143	13.7637	1.786455984	2.499739418	0.115991168	4.643463329	0.875842943	
61	sol	w	leaf	1	0.0613	0.2562	0.74089	29.722	40.1166	53.38378836	8.196916412	0.071127437	1.655318066	1.180929937	
62	sol	w	leaf	2	0.0781	0.3937	1.0498	31.725	30.2200	44.9292056	7.070197413	0.064485927	1.725046667	1.146916354	
63	sol	w	leaf	3	0.0547	0.2519	1.1721	34.884	29.7620	40.45189271	5.232616542	0.063047822	1.658877419	1.156044218	
64	sol	w	root	1	0.0199	0.0882	2.4399	42.582	17.4524	1.94741198	2.62637367	0.184379904	1.745138714	0.678680272	
65	sol	w	root	2	0.0229	0.1384	1.7718	41.491	23.4174	2.179464771	3.712996272	0.107964392	1.547054707	0.692957725	
66	sol	w	root	3	0.0167	0.0835	2.5472	41.848	16.4290	2.074556003	3.47989434	0.114080539	4.713623096	0.737626914	
67	sol	c	leaf	1	0.0921	0.3496	1.0941	35.574	32.5144	40.64835328	5.353091872	0.061079641	6.34230615	1.290604821	
68	sol	c	leaf	2	0.089	0.3286	1.0461	36.492	34.8839	38.39646583	5.35131102	0.055926214	6.302178808	1.330132099	
69	sol	c	leaf	3	0.0828	0.3035	0.93125	35.252	37.8545	47.02583912	3.565462781	0.061027476	1.964129383	1.065363396	
70	sol	c	root	1	0.0267	0.1395	2.6048	42.257	16.2227	2.157791331	3.163035185	0.239778529	1.90260631	0.74941808	
71	sol	c	root	2	0.0276	0.1659	2.802	40.1825	14.3406	2.136274566	3.398984313	0.272267913	1.631271084	0.85772945	
72	sol	c	root	3	0.0203	0.1124	3.0654	42.03	13.7111	2.195114745	3.388812654	0.321181546	5.424631367	0.946330505	una_de_mas
73	vic	w	leaf	1	0.1307	0.473	1.7937	33.331	18.5823	45.07462497	2.843068999	0.270563289	1.826001318	0.68751962	
74	vic	w	leaf	2	0.2016	0.6627	2.1185	34.535	16.3016	38.58596084	3.922089295	0.236055576	1.94818484	0.7186778	hay_mas_de_200_y_pico_y_uno_de_301
75	vic	w	leaf	3	0.2221	0.7212	2.2382	34.82	15.5571	36.24215331	4.085037116	0.21657665	1.933683862	0.667535283	
76	vic	w	root	1	0.0302	0.1376	2.8419	38.606	13.5846	3.543211956	3.589007848	0.670290079	1.593844743	0.902840906	
77	vic	w	root	2	0.0284	0.1385	3.235	38.477	11.8940	3.228745371	1.811879082	0.458222253	1.682012579	0.995413824	
78	vic	w	root	3	NA	NA	NA	NA	NA	NA	NA	NA	NA	NA	
79	vic	c	leaf	1	0.0326	0.2217	1.887	40.324	21.3694	9.872783739	3.240753948	0.34496782	1.634483395	1.47919018	
80	vic	c	leaf	2	0.0459	0.4425	2.1836	40.464	18.5309	11.40849008	3.193183471	0.354824588	1.731183511	1.589670934	
81	vic	c	leaf	3	0.0721	0.4455	2.57	40.541	15.7747	9.748972592	3.774041872	0.453888035	1.911804613	1.419736282	encontre_una_de_43_y_la_hoja_era_grande_no_precisamente_pequena
82	vic	c	root	5	0.0785	0.2116	3.6394	41.667	11.4489	1.329005457	2.87090305	0.383529385	1.854954955	1.146079158	
83	vic	c	root	4	0.0489	0.2205	3.4773	39.9145	11.4786	1.768213421	5.532266579	0.641929799	1.8922346	0.78369714	
84	vic	c	root	3	0.062	0.1537	3.9813	40.998	10.2976	1.290642435	2.723278563	0.396279191	1.884587482	1.019922855	
85	pis	w	leaf	1	0.0519	0.2061	1.8108	37.611	20.7704	22.99104504	3.393451482	0.365499164	6.229032663	1.137335507	
86	pis	w	leaf	2	0.0556	0.1849	2.137	37.096	17.3589	22.14536854	3.434881639	0.34557069	7.255550239	1.282773982	
87	pis	w	leaf	3	0.0742	0.2652	2.235	37.078	16.5897	23.27616378	3.662882606	0.326779567	7.995991272	1.506518474	
88	pis	w	root	1	0.0259	0.0833	3.4676	36.281	10.4629	3.208627651	5.07594294	0.164221598	5.678517588	0.690930776	
89	pis	w	root	2	NA	NA	NA	NA	NA	NA	NA	NA	NA	NA	
90	pis	w	root	3	NA	NA	NA	NA	NA	NA	NA	NA	NA	NA	
91	pis	c	leaf	1	0.0606	0.2249	2.1523	38.211	17.7536	16.54473076	4.002849367	0.340586637	1.814139241	1.099689758	
92	pis	c	leaf	2	0.0571	0.2653	2.1143	38.808	18.3550	18.71801671	3.938678803	0.301053065	6.025985037	1.187656545	
93	pis	c	leaf	3	0.0945	0.3459	1.6983	38.115	22.4430	17.89278884	3.982587597	0.417333351	5.055790785	1.123106273	
94	pis	c	root	1	0.0217	0.1818	2.5697	28.685	11.1628	2.407953873	6.156966373	0.263035809	10.58291054	0.892031293	
95	pis	c	root	2	0.0253	0.1891	4.4732	30.615	6.8441	1.861504164	5.839752822	0.126528505	7.151191781	0.945795599	
96	pis	c	root	3	0.0081	0.1185	2.4359	27.8775	11.4444	2.839367022	5.737750027	0.234341826	9.57296496	1.730037726	
															
